1
103	104	105	106	107	112	201	202	203	204	207	208	210	211	215	301	308	309	310	311	312	316	101	102	113	209	216	302	304	307	317
2
103	104	105	106	107	112	201	202	203	204	207	208	210	211	215	301	308	309	310	311	312	316	101	102	113	209	216	302	304	307	317
3
211	301	310	312	102	103	105	201	203	204	207	303	309	311	316	317
4
211	301	310	312	102	103	105	201	203	204	207	303	309	311	316	317
5
101	102	103	105	202	203	204	207	208	209	211	215	216	302	304	307	309	310	316	113	201	210	303	312	317
6
101	102	103	105	202	203	204	207	208	209	211	215	216	302	304	307	309	310	316	113	201	210	303	312	317
7
201	211	312	317	101	112	202
8
201	211	312	317	101	112	202
9
101	103	104	105	106	201	203	209	211	215	216	307	308	311	312	317	112	113	202	207	208	210	301	309	310
10
103	105	106	201	202	203	204	207	209	210	211	302	304	307	309	310	312	316	113	208	215	303	308	311	317
11
103	105	106	201	202	203	204	207	209	210	211	302	304	307	309	310	312	316	113	208	215	303	308	311	317
12
101	102	103	104	105	106	113	201	202	203	204	207	209	210	211	301	302	304	307	308	309	310	311	312	316	107	112	208	215	216	303	317
