1
103	105	106	107	108	203	205	207	301	303	307	401	403	405	406	407	408	501	502	503	505	506	507	508	101	201	304	305	306	308	504	104	204	206	208
2
103	105	106	107	108	203	205	207	301	303	307	401	403	405	406	407	408	501	502	503	505	506	507	508	101	201	304	305	306	308	504	104	204	206	208
3
108	501	502	201	308	507	101	103	104	106	107	203	204	205	206	207	208	301	303	305	306	307	401	403	405	407	506	508
4
108	501	502	201	308	507	101	103	104	106	107	203	204	205	206	207	208	301	303	305	306	307	401	403	405	407	506	508
5
101	106	107	203	301	303	305	306	307	403	404	405	501	502	504	507	508	103	105	108	201	206	207	208	406	407	503	505	104	205	401
6
101	106	107	203	301	303	305	306	307	403	404	405	501	502	504	507	508	103	105	108	201	206	207	208	406	407	503	505	104	205	401
7
201	502	103	101	104	107	203	205	207	301	303	305	307	401	403	405	407	501	503	505	507	508
8
201	502	103	101	104	105	107	203	205	207	301	303	305	307	401	403	405	407	501	503	505	507	508
9
101	105	107	201	205	207	305	308	310	405	406	407	410	502	503	504	507	103	106	108	203	208	307	408	505	508	104	204	206	301	303	304	306	401	403	404	501	506
10
101	103	201	207	303	305	310	401	403	405	407	410	501	502	503	505	506	507	105	107	203	205	307	508	104	106	108	204	206	208	301	304	306	308	404	406	408	504
11
101	103	201	207	303	305	310	401	403	405	407	410	501	502	503	505	506	507	105	107	203	205	307	508	104	106	108	204	206	208	301	304	306	308	404	406	408	504
12
101	103	104	105	106	107	108	201	203	204	205	207	208	303	304	305	306	307	310	401	403	405	406	407	410	501	502	503	504	505	506	507	508	206	308	404	301	408
