1
101	102	105	107	202	203	206	207	210	301	302	304	306	308	309	311	313	315	317	319	401	404	406	407	413	415	421	422	423	501	503	505	506	508	509	511	512	513	514	515	516	519	523	524	525	526	527	529	530	109	205	211	402	405	411	416	420	424	425	507	517	518	521	528	106	307	314	316	318	408	410	412	414	510
2
101	102	105	107	202	203	206	207	210	301	302	304	306	308	309	311	313	315	317	319	401	404	406	407	413	415	421	422	423	501	503	505	506	508	509	511	512	513	514	515	516	519	523	524	525	526	527	529	530	109	205	211	402	405	411	416	420	424	425	507	517	518	521	528	106	307	314	316	318	408	410	412	414	510
3
101	202	203	207	311	503	510	513	514	518	521	524	526	528	529	530	105	206	304	423	516	523	527	102	106	107	109	205	210	211	301	302	306	307	308	309	313	314	315	316	317	318	319	401	402	404	405	406	407	408	410	411	412	413	414	415	416	420	421	422	424	425	501	505	506	507	508	509	511	512	515	517	519	525
4
101	202	203	205	207	311	503	510	513	514	518	521	524	526	528	529	530	105	206	304	423	516	523	527	102	106	107	109	210	211	301	302	306	307	308	309	313	314	315	316	317	318	319	401	402	404	405	406	407	408	410	411	412	413	414	415	416	420	421	422	424	425	501	505	506	507	508	509	511	512	515	517	519	525
5
101	102	107	109	203	206	307	309	311	314	315	318	319	401	402	404	405	406	408	410	413	421	422	423	424	425	505	506	507	508	509	510	511	512	513	514	515	516	518	519	521	523	524	526	528	529	530	105	106	205	207	211	302	304	306	316	407	411	416	503	517	525	527	202	210	301	308	313	317	412	414	415	420	501
6
101	102	107	109	203	206	307	309	311	314	315	318	319	401	402	404	405	406	408	410	413	421	422	423	424	425	505	506	507	508	509	510	511	512	513	514	515	516	518	519	521	523	524	526	528	529	530	105	106	205	207	211	302	304	306	316	407	411	416	503	517	525	527	202	210	301	308	313	317	412	414	415	420	501
7
101	313	411	511	512	513	514	516	518	521	523	524	526	530	105	424	505	528	529	102	106	107	109	202	203	205	206	207	210	211	301	302	304	306	307	308	309	311	314	315	316	317	318	319	401	402	404	405	406	407	408	410	412	413	414	415	416	420	421	422	423	425	501	503	506	507	508	509	510	515	517	519	525	527
8
101	313	411	511	512	513	514	516	518	521	523	524	526	530	105	424	505	528	529	102	106	107	109	202	203	205	206	207	210	211	301	302	304	306	307	308	309	311	314	315	316	317	318	319	401	402	404	405	406	407	408	410	412	413	414	415	416	420	421	422	423	425	501	503	506	507	508	509	510	515	517	519	525	527
9
101	102	107	109	202	205	207	210	211	301	311	314	316	317	318	402	404	406	407	408	410	411	412	413	414	415	423	425	506	507	511	512	513	514	516	517	518	521	523	524	526	530	319	420	421	422	424	505	509	510	525	527	528	529	105	106	203	206	302	304	306	307	308	309	313	315	401	405	416	501	503	508	515	519
10
101	106	202	314	319	401	404	406	415	425	505	507	509	510	511	513	514	515	516	518	519	521	523	524	526	527	528	529	530	102	205	211	304	307	309	316	402	410	413	423	506	512	525	105	107	109	203	206	207	210	301	302	306	308	311	313	315	317	318	405	407	408	411	412	414	416	420	421	422	424	501	503	508	517
11
101	106	202	314	319	401	404	406	415	425	505	507	509	510	511	513	514	515	516	518	519	521	523	524	526	527	528	529	530	205	211	304	307	309	316	402	410	413	423	506	512	525	102	105	107	109	203	206	207	210	301	302	306	308	311	313	315	317	318	405	407	408	411	412	414	416	420	421	422	424	501	503	508	517
12
101	102	105	106	107	109	202	205	206	207	210	304	307	308	309	311	314	316	318	319	401	404	406	407	411	413	415	416	421	423	424	425	505	506	507	508	509	510	511	513	514	515	516	517	518	519	521	523	524	525	526	527	528	529	530	211	301	315	402	405	408	410	412	420	512	203	302	306	313	317	414	422	501	503
