1
302	303	304	305	306	307	309	311	403	402
2
302	303	304	305	306	307	309	311	403	402
3
303	304	403	311	402	302	305	306	307	309
4
303	304	403	311	402	302	305	306	307	309
5
302	304	305	311	402	403	303	306	307	309	404	405	406	407	409	411	502	503	504	505	506	507	509	511
6
302	304	305	311	402	403	303	306	307	309	404	405	406	407	409	411	502	503	504	505	506	507	509	511
7
304	305	311	402	306	307	302	303	309	403	404	405	406	407	409	411	502	503	504	505	506	507	509	511
8
304	305	311	402	306	307	302	303	309	403	404	405	406	407	409	411	502	503	504	505	506	507	509	511
9
304	305	306	307	309	311	402	404	405	406	407	409	411	502	503	504	505	506	507	509	511	303	403	302
10
304	306	307	309	311	403	404	405	407	409	411	502	503	504	505	506	507	509	511	303	305	402	406	302
11
304	306	307	309	311	403	404	405	407	409	411	502	503	504	505	506	507	509	511	303	305	402	406	302
12
302	304	306	307	309	311	402	403	404	405	406	407	409	411	502	503	504	505	506	507	509	511	303	305
