1
101	102	104	105	106	107	108	110	112	113	115	119	201	202	209	211	212	213	214	215	217	219	103	117	203	205	207	210
2
101	102	104	105	106	107	108	110	112	113	115	119	201	202	209	211	212	213	214	215	217	219	103	117	203	205	207	210
3
103	104	108	117	207	208	209	210	211	214	217	112	119	206	219
4
103	104	108	117	203	207	208	209	210	211	214	217	112	119	206	219
5
101	102	104	105	106	108	117	119	201	202	203	206	208	209	210	212	213	214	215	217	219	112	115	204	205	211
6
101	102	104	105	106	108	117	119	201	202	203	206	208	209	210	212	213	214	215	217	219	112	115	204	205	211
7
112	117	202	208	209	217	101	119	203	204	214
8
112	117	202	208	209	217	101	119	203	204	214
9
101	103	107	110	112	113	115	117	201	202	204	205	207	208	209	213	214	217	102	104	119	203	211	215
10
101	105	106	112	117	119	201	202	203	206	208	212	217	219	102	110	209	210	214
11
101	105	106	112	117	119	201	202	203	206	208	212	217	219	102	110	209	210	214
12
101	102	103	104	105	106	107	110	112	113	115	117	119	201	202	203	204	205	206	207	208	209	210	211	212	214	217	219	108	213
