1
106	108	109	111	201	202	203	207	208	209	211	214	301	304	305	308	310	311	312	316	402	405	406	407	408	409	410	411	412	413	414	415	416	418	417	419	103	107	206	210	216	302	303	306	307	309	314	315	317	404	102	204	212	213	215	318
2
106	108	109	111	201	202	203	207	208	209	211	214	301	304	305	308	310	311	312	316	402	405	406	407	408	409	410	411	412	413	414	415	416	418	417	419	103	107	206	210	216	302	303	306	307	309	314	315	317	404	102	204	212	213	215	318
3
107	111	207	208	314	316	417	103	108	109	201	209	308	409	412	102	106	202	203	204	206	210	211	212	213	214	215	216	302	303	304	305	306	315	317	318
4
107	111	207	208	314	316	417	103	108	109	201	209	308	409	412	102	106	202	203	204	206	210	211	212	213	214	215	216	302	303	304	305	306	315	317	318
5
106	108	109	111	207	208	210	211	214	216	301	302	307	308	309	310	311	313	317	318	402	403	405	406	407	410	412	415	417	418	416	419	103	107	212	213	303	304	305	316	408	411	413	414	102	201	202	203	204	206	209	215	306	314	315
6
106	108	109	111	207	208	210	211	214	216	301	302	307	308	309	310	311	313	317	318	402	403	405	406	407	410	412	415	417	418	416	419	103	107	212	213	303	304	305	316	408	411	413	414	102	201	202	203	204	206	209	215	306	314	315
7
103	107	109	111	201	207	208	302	306	316	411	108	308	309	315	318	407	102	106	202	203	204	206	209	210	211	212	213	214	215	216	303	304	305	314	317
8
103	107	109	111	201	207	208	302	306	316	411	108	308	309	315	318	407	102	106	202	203	204	206	209	210	211	212	213	214	215	216	303	304	305	314	317
9
102	103	107	108	109	111	201	204	206	207	208	213	215	216	302	303	305	306	310	311	312	313	316	402	403	404	405	406	409	411	415	416	417	419	418	202	203	210	307	308	309	315	317	318	407	412	414	106	209	211	212	214	304	314
10
109	111	201	206	301	303	306	307	308	402	403	407	409	414	417	419	211	215	304	313	317	413	102	103	106	107	108	202	203	204	207	208	209	210	212	213	214	216	302	305	314	315	316	318
11
109	111	201	206	301	303	306	307	308	402	403	407	409	414	417	419	211	215	304	313	317	413	102	103	106	107	108	202	203	204	207	208	209	210	212	213	214	216	302	305	314	315	316	318
12
102	107	108	109	111	201	204	206	208	209	210	211	212	214	216	301	302	303	306	307	308	309	310	312	313	314	315	317	318	402	403	404	405	407	408	409	410	411	413	414	415	417	419	103	202	203	207	213	215	304	311	406	106	305	316
