1
101	102	103	104	105	106	107	112	202	203	204	207	209	210	211	215	216	301	302	303	304	307	309	311	312	316	113	201	208	308	310
2
101	102	103	104	105	106	107	112	202	203	204	207	209	210	211	215	216	301	302	303	304	307	309	311	312	316	113	201	208	308	310
3
203	207	303	310	312	317	201	211	304	308	311
4
203	207	303	310	312	317	201	211	304	308	311
5
102	105	112	202	203	207	208	211	216	301	302	303	304	307	309	310	312	317	103	113	201	204	209	210	215	308	311	316
6
102	105	112	202	203	207	208	211	216	301	302	303	304	307	309	310	312	317	103	113	201	204	209	210	215	308	311	316
7
101	107	112	113	201	208	302	303	310	311	312	211	307	317
8
101	107	112	113	201	208	302	303	310	311	312	211	307	317
9
101	102	107	112	113	201	202	203	204	208	302	303	307	309	310	311	312	317	103	104	105	209	210	211	215	308	316
10
103	107	113	201	203	204	208	211	215	216	304	307	308	310	311	312	316	317	101	105	106	112	202	207	209	210	302
11
103	107	113	201	203	204	208	211	215	216	304	307	308	310	311	312	316	317	101	105	106	112	202	207	209	210	302
12
101	102	103	106	107	113	201	202	203	204	207	208	209	211	215	216	301	302	303	304	307	308	309	310	311	312	316	317	104	105	112	210
