1
101	103	104	105	106	107	108	201	204	205	206	208	301	303	305	306	307	401	403	404	405	406	407	408	501	502	503	504	505	507	508	203	207	304	308	506
2
101	103	104	105	106	107	108	201	204	205	206	208	301	303	305	306	307	401	403	404	405	406	407	408	501	502	503	504	505	507	508	203	207	304	308	506
3
103	304	401	502	507	101	201	301	307	405	403	104	106	107	108	203	204	205	206	207	208	303	305	407	506	508
4
103	304	401	502	507	101	201	301	307	405	403	104	106	107	108	203	204	205	206	207	208	303	305	407	506	508
5
103	105	106	107	206	208	301	305	307	401	403	405	407	408	502	503	504	505	101	203	204	205	207	303	501	104	201	507	508
6
103	105	106	107	206	208	301	305	307	401	403	405	407	408	502	503	504	505	101	203	204	205	207	303	501	104	201	507	508
7
101	103	105	107	405	406	407	501	502	506	104	108	305	306	401	403	507	201	203	205	207	301	303	307	503	505	508
8
101	103	105	107	405	406	407	501	502	506	104	108	305	306	401	403	507	201	203	205	207	301	303	307	503	505	508
9
101	103	105	106	107	108	201	204	206	304	305	307	310	401	403	404	405	406	407	410	501	502	506	507	508	104	203	205	207	303	306	408	208	301	308	503	504	505
10
107	303	307	310	401	410	502	503	505	507	101	103	105	201	403	407	501	404	405	104	106	108	203	204	205	206	207	208	301	304	305	306	308	406	408	504	506	508
11
107	303	307	310	401	410	502	503	505	507	101	103	105	201	403	407	501	404	405	104	106	108	203	204	205	206	207	208	301	304	305	306	308	406	408	504	506	508
12
101	104	106	107	108	201	203	204	206	208	301	303	304	305	306	307	308	310	401	403	404	405	407	408	410	501	502	503	504	505	506	507	103	105	205	207	508	406
