1
101	102	106	107	109	202	203	205	206	207	210	211	302	304	306	307	309	311	313	314	316	317	401	404	405	406	408	413	414	415	416	420	421	422	423	425	503	505	506	507	508	509	510	511	512	513	514	515	516	518	519	523	524	525	526	527	529	530	315	318	407	410	424	517	521	528	105	301	308	319	402	411	412	501
2
101	102	106	107	109	202	203	205	206	207	210	211	302	304	306	307	309	311	313	314	316	317	401	404	405	406	408	413	414	415	416	420	421	422	423	425	503	505	506	507	508	509	510	511	512	513	514	515	516	518	519	523	524	525	526	527	529	530	315	318	407	410	424	517	521	528	105	301	308	319	402	411	412	501
3
101	102	107	302	412	425	506	509	512	517	519	521	523	526	528	529	530	315	411	413	415	423	503	511	513	514	516	518	524	109	105	106	202	203	205	206	207	210	211	301	304	306	307	308	309	311	313	314	316	317	318	319	401	402	404	405	406	407	408	410	414	416	420	421	422	424	501	505	507	508	510	515	525	527
4
101	102	107	302	412	425	506	509	512	517	519	521	523	526	528	529	530	315	411	413	415	423	503	511	513	514	516	518	524	109	105	106	202	203	205	206	207	210	211	301	304	306	307	308	309	311	313	314	316	317	318	319	401	402	404	405	406	407	408	410	414	416	420	421	422	424	501	505	507	508	510	515	525	527
5
101	105	107	109	202	205	207	210	211	302	304	306	314	316	318	402	404	406	412	413	414	415	416	420	421	422	423	425	501	505	507	509	510	511	512	513	514	515	517	518	519	521	523	524	526	527	528	529	530	317	319	401	405	410	411	506	516	106	206	301	307	308	309	102	203	311	313	315	407	408	424	503	508	525
6
101	105	107	109	202	205	207	210	211	302	304	306	314	316	318	402	404	406	412	413	414	415	416	420	421	422	423	425	501	505	507	509	510	511	512	513	514	515	517	518	519	521	523	524	526	527	528	529	530	317	319	401	405	410	411	506	516	106	206	301	307	308	309	102	203	311	313	315	407	408	424	503	508	525
7
206	302	308	314	316	317	318	411	416	420	503	505	510	511	513	514	516	518	523	524	526	527	528	529	530	313	414	421	422	424	521	101	102	105	205	207	301	311	106	107	109	202	203	210	211	304	306	307	309	315	319	401	402	404	405	406	407	408	410	412	413	415	423	425	501	506	507	508	509	512	515	517	519	525
8
206	302	308	314	316	317	318	411	416	420	503	505	510	511	513	514	516	518	523	524	526	527	528	529	530	313	414	421	422	424	521	101	102	105	205	207	301	311	106	107	109	202	203	210	211	304	306	307	309	315	319	401	402	404	405	406	407	408	410	412	413	415	423	425	501	506	507	508	509	512	515	517	519	525
9
101	107	109	206	207	210	301	307	308	311	314	315	316	317	318	401	406	407	411	412	413	415	416	420	422	424	425	503	505	507	508	509	510	511	513	514	515	516	518	521	523	524	526	527	528	529	530	319	402	404	408	414	421	423	506	102	105	205	309	106	202	203	211	302	304	306	313	405	410	501	512	517	519	525
10
109	203	307	318	402	404	410	424	425	503	506	510	511	513	514	516	517	518	521	523	524	526	528	529	530	314	316	317	319	406	421	507	508	509	512	515	527	102	106	202	304	308	101	105	107	205	206	207	210	211	301	302	306	309	311	313	315	401	405	407	408	411	412	413	414	415	416	420	422	423	501	505	519	525
11
109	203	307	318	402	404	410	424	425	503	506	510	511	513	514	516	517	518	521	523	524	526	528	529	530	314	316	317	319	406	421	507	508	509	512	515	527	102	106	202	304	308	101	105	107	205	206	207	210	211	301	302	306	309	311	313	315	401	405	407	408	411	412	413	414	415	416	420	422	423	501	505	519	525
12
101	107	109	202	203	206	304	307	308	314	317	318	401	402	404	405	407	408	410	412	415	416	420	421	423	424	425	501	503	505	506	507	508	510	511	513	514	516	517	518	521	523	524	526	528	529	530	316	319	406	413	414	509	512	515	527	102	105	106	205	207	210	211	301	309	302	306	311	313	315	411	422	519	525
