1
302	303	304	305	306	307	309	311	402	403
2
302	303	304	305	306	307	309	311	402	403
3
302	303	305	306	309	403	304	307	402
4
302	303	305	306	309	403	304	307	402
5
303	304	305	306	307	309	311	402	403	302	404	405	406	407	409	411	502	503	504	505	506	507	509	511
6
303	304	305	306	307	309	311	402	403	302	404	405	406	407	409	411	502	503	504	505	506	507	509	511
7
303	304	306	307	311	403	402	302	305	309	404	405	406	407	409	411	502	503	504	505	506	507	509	511
8
303	304	306	307	311	403	402	302	305	309	404	405	406	407	409	411	502	503	504	505	506	507	509	511
9
302	303	304	306	307	309	311	403	404	405	406	407	409	411	502	503	504	505	506	507	509	511	402	305
10
302	303	304	305	306	309	402	403	404	405	406	407	409	411	503	504	505	506	507	509	511	307	311	502
11
302	303	304	305	306	309	402	403	404	405	406	407	409	411	503	504	505	506	507	509	511	307	311	502
12
302	303	304	305	306	309	402	403	404	405	406	407	409	411	502	503	504	505	506	507	509	511	307	311
