1
101	102	103	104	105	106	107	108	112	115	117	119	201	202	203	206	207	208	209	210	211	212	213	214	215	113	205	217	219
2
101	102	103	104	105	106	107	108	112	115	117	119	201	202	203	206	207	208	209	210	211	212	213	214	215	113	205	217	219
3
103	104	105	106	108	112	113	119	206	211	212	214	217	201	208	209	219
4
103	104	105	106	108	112	113	119	206	211	212	214	217	201	208	209	219
5
101	106	108	112	202	203	208	209	210	214	217	219	102	103	113	117	119	201	204	206	212	213
6
101	106	108	112	202	203	208	209	210	214	217	219	102	103	113	117	119	201	204	206	212	213
7
101	119	201	206	208	210	213	217	219	105	106	117	209	214
8
101	119	201	206	208	210	213	217	219	105	106	117	209	214
9
101	103	104	107	110	113	115	119	201	203	204	205	206	207	208	210	212	213	214	217	219	105	106	108	117	209	211	215
10
101	102	104	105	106	108	112	117	119	202	203	205	206	207	208	209	210	211	212	213	214	215	219	110	201	204
11
101	102	104	105	106	108	112	117	119	202	203	205	206	207	208	209	210	211	212	213	214	215	219	110	201	204
12
101	102	103	104	105	106	108	112	113	115	117	119	202	203	204	205	206	207	208	209	210	211	212	214	219	201	213
