1
107	111	201	206	207	208	209	210	211	212	214	216	301	303	305	306	307	308	309	311	313	314	316	403	404	405	406	408	409	410	411	414	415	416	417	419	102	106	108	302	312	315	317	318	402	407	412	413	418	103	202	203	204	213	215	304
2
107	111	201	206	207	208	209	210	211	212	214	216	301	303	305	306	307	308	309	311	313	314	316	403	404	405	406	408	409	410	411	414	415	416	417	419	102	106	108	302	312	315	317	318	402	407	412	413	418	103	202	203	204	213	215	304
3
102	103	111	207	208	314	402	405	418	107	108	109	211	302	305	308	310	311	406	408	106	201	202	203	204	206	209	210	212	213	214	215	216	303	304	306	315	316	317	318
4
102	103	111	207	208	314	402	405	418	107	108	109	211	302	305	308	310	311	406	408	106	201	202	203	204	206	209	210	212	213	214	215	216	303	304	306	315	316	317	318
5
102	106	107	108	109	201	202	203	207	208	301	302	303	307	308	313	316	402	403	411	414	416	418	103	111	206	211	212	216	309	310	311	312	314	318	405	406	407	408	413	415	417	419	204	209	210	213	214	215	304	305	306	315	317
6
102	106	107	108	109	201	202	203	207	208	301	302	303	307	308	313	316	402	403	411	414	416	418	103	111	206	211	212	216	309	310	311	312	314	318	405	406	407	408	413	415	417	419	204	209	210	213	214	215	304	305	306	315	317
7
102	103	108	109	111	201	303	306	307	308	412	107	203	208	301	304	309	311	419	106	202	204	206	207	209	210	211	212	213	214	215	216	302	305	314	315	316	317	318
8
102	103	108	109	111	201	303	306	307	308	412	107	203	208	301	304	309	311	419	106	202	204	206	207	209	210	211	212	213	214	215	216	302	305	314	315	316	317	318
9
102	103	108	109	111	201	202	203	206	207	210	213	214	215	216	303	304	305	306	307	308	309	311	313	315	316	318	402	403	405	408	409	410	411	412	413	417	419	107	208	209	211	301	302	310	312	314	317	406	414	416	106	204	212
10
109	111	201	202	203	212	215	304	307	308	312	316	318	402	403	405	406	409	411	419	102	103	107	208	214	301	303	305	309	313	314	408	410	414	416	418	106	108	204	206	207	209	210	211	213	216	302	306	315	317
11
109	111	201	202	203	212	215	304	307	308	312	316	318	402	403	405	406	409	411	419	102	103	107	208	214	301	303	305	309	313	314	408	410	414	416	418	106	108	204	206	207	209	210	211	213	216	302	306	315	317
12
102	103	107	108	109	111	201	202	203	207	208	209	210	211	212	213	214	215	216	304	305	307	308	309	310	311	312	314	315	316	318	402	403	404	405	406	407	409	410	411	413	414	415	416	417	418	419	204	301	302	303	306	313	317	408	412	106	206
