1
101	102	103	104	105	106	107	112	113	202	203	204	207	208	209	210	211	215	216	301	302	303	304	307	308	309	310	311	312	316	317
2
101	102	103	104	105	106	107	112	113	202	203	204	207	208	209	210	211	215	216	301	302	303	304	307	308	309	310	311	312	316	317
3
101	102	103	104	105	106	107	112	113	202	203	204	207	208	209	210	211	215	216	301	302	303	304	307	308	309	310	311	312	316	317
4
101	102	103	104	105	106	107	112	113	202	203	204	207	208	209	210	211	215	216	301	302	303	304	307	308	309	310	311	312	316	317
5
102	103	104	105	106	107	112	113	202	203	204	207	208	209	210	211	215	216	301	302	303	304	307	308	309	310	311	312	316	317	201
6
102	103	104	105	106	107	112	113	202	203	204	207	208	209	210	211	215	216	301	302	303	304	307	308	309	310	311	312	316	317	201
7
102	103	104	105	106	107	112	113	202	203	204	207	208	209	210	211	215	216	301	302	303	304	307	308	309	310	311	312	316	317
8
102	103	104	105	106	107	112	113	202	203	204	207	208	209	210	211	215	216	301	302	303	304	307	308	309	310	311	312	316	317
9
101	102	103	104	105	106	107	112	113	201	202	203	204	207	208	209	210	211	215	216	301	302	303	304	307	308	309	310	311	312	316	317
10
101	102	103	104	105	106	107	112	113	201	202	203	204	207	208	209	210	211	215	216	301	302	303	304	307	308	309	310	311	312	316	317
11
101	102	103	104	105	106	107	112	113	201	202	203	204	207	208	209	210	211	215	216	301	302	303	304	307	308	309	310	311	312	316	317
12
101	102	103	104	105	106	107	112	113	201	202	203	204	207	208	209	210	211	215	216	301	302	303	304	307	308	309	310	311	312	316	317
