1
101	103	104	105	106	107	108	201	203	204	205	206	207	208	301	303	304	305	306	307	308	310	401	403	404	405	406	407	408	410	501	502	503	504	505	506	507	508
2
101	103	104	105	106	107	108	201	203	204	205	206	207	208	301	303	304	305	306	307	308	310	401	403	404	405	406	407	408	410	501	502	503	504	505	506	507	508
3
101	103	104	105	106	107	108	201	203	204	205	206	207	208	301	303	304	305	306	307	308	310	401	403	404	405	406	407	408	410	501	502	503	504	505	506	507	508
4
101	103	104	105	106	107	108	201	203	204	205	206	207	208	301	303	304	305	306	307	308	310	401	403	404	405	406	407	408	410	501	502	503	504	505	506	507	508
5
101	103	104	105	106	107	108	201	203	204	205	206	207	208	301	303	304	305	306	307	308	310	401	403	404	405	406	407	408	410	501	502	503	504	505	506	507	508
6
101	103	104	105	106	107	108	201	203	204	205	206	207	208	301	303	304	305	306	307	308	310	401	403	404	405	406	407	408	410	501	502	503	504	505	506	507	508
7
101	103	104	105	106	107	108	201	203	204	205	206	207	208	301	303	304	305	306	307	308	310	401	403	404	405	406	407	408	410	501	502	503	504	505	506	507	508
8
101	103	104	105	106	107	108	201	203	204	205	206	207	208	301	303	304	305	306	307	308	310	401	403	404	405	406	407	408	410	501	502	503	504	505	506	507	508
9
101	103	104	105	106	107	108	201	203	204	205	206	207	208	301	303	304	305	306	307	308	310	401	403	404	405	406	407	408	410	501	502	503	504	505	506	507	508
10
101	103	104	105	106	107	108	201	203	204	205	206	207	208	301	303	304	305	306	307	308	310	401	403	404	405	406	407	408	410	501	502	503	504	505	506	507	508
11
101	103	104	105	106	107	108	201	203	204	205	206	207	208	301	303	304	305	306	307	308	310	401	403	404	405	406	407	408	410	501	502	503	504	505	506	507	508
12
101	103	104	105	106	107	108	201	203	204	205	206	207	208	301	303	304	305	306	307	308	310	401	403	404	405	406	407	408	410	501	502	503	504	505	506	507	508
