1
106	107	109	203	210	301	308	316	317	318	407	408	413	414	415	424	501	503	505	506	507	509	510	511	512	513	514	515	516	517	518	519	521	523	524	526	527	528	529	530	102	202	205	207	211	302	315	410	411	412	416	420	423	508	101	105	206	304	306	307	309	311	313	314	319	401	402	404	405	406	421	422	425	525
2
106	107	109	203	210	301	308	316	317	318	407	408	413	414	415	424	501	503	505	506	507	509	510	511	512	513	514	515	516	517	518	519	521	523	524	526	527	528	529	530	102	202	205	207	211	302	315	410	411	412	416	420	423	508	101	105	206	304	306	307	309	311	313	314	319	401	402	404	405	406	421	422	425	525
3
106	107	109	203	210	301	308	316	317	318	407	408	413	414	415	424	501	503	505	506	507	509	510	511	512	513	514	515	516	517	518	519	521	523	524	526	527	528	529	530	102	205	207	211	302	315	410	411	416	420	423	508	101	105	202	206	304	306	307	309	311	313	314	319	401	402	404	405	406	412	421	422	425	525
4
106	107	109	203	210	301	308	316	317	318	407	408	413	414	415	424	501	503	505	506	507	509	510	511	512	513	514	515	516	517	518	519	521	523	524	526	527	528	529	530	102	205	207	211	302	315	410	411	416	420	423	508	101	105	202	206	304	306	307	309	311	313	314	319	401	402	404	405	406	412	421	422	425	525
5
102	202	205	210	301	308	318	319	406	407	413	414	415	422	423	424	501	503	505	506	507	509	510	511	512	513	514	515	516	517	518	519	521	523	524	525	526	528	529	530	101	105	106	107	203	211	302	315	316	408	410	411	412	416	420	508	527	109	206	207	304	306	307	309	311	313	314	317	401	402	404	405	421	425
6
102	202	205	210	301	308	318	319	406	407	413	414	415	422	423	424	501	503	505	506	507	509	510	511	512	513	514	515	516	517	518	519	521	523	524	525	526	528	529	530	101	105	106	107	203	211	302	315	316	408	410	411	412	416	420	508	527	109	206	207	304	306	307	309	311	313	314	317	401	402	404	405	421	425
7
202	210	211	308	318	319	413	414	415	423	424	501	503	505	506	507	509	510	511	512	513	514	515	516	517	518	519	521	523	524	525	526	528	529	530	105	106	203	206	301	302	315	316	317	408	410	411	412	416	420	422	527	101	102	107	109	205	207	304	306	307	309	311	313	314	401	402	404	405	406	407	421	425	508
8
202	210	211	308	318	319	413	414	415	423	424	501	503	505	506	507	509	510	511	512	513	514	515	516	517	518	519	521	523	524	525	526	528	529	530	105	106	203	206	301	302	315	316	317	408	410	411	412	416	420	422	527	101	102	107	109	205	207	304	306	307	309	311	313	314	401	402	404	405	406	407	421	425	508
9
102	105	106	107	109	202	203	205	206	210	211	301	304	307	308	309	315	316	317	318	319	401	402	404	405	407	408	411	412	413	414	415	423	424	425	501	503	505	506	507	508	509	510	511	512	513	514	515	516	517	518	519	521	523	524	525	526	528	529	530	207	302	410	416	420	422	527	101	306	311	313	314	406	421
10
106	109	202	203	210	211	301	307	308	315	317	318	319	401	402	404	405	406	407	408	411	412	413	414	415	422	424	425	501	503	505	506	507	509	510	511	512	513	514	516	517	518	519	521	523	524	526	528	529	530	101	105	107	205	206	207	302	316	410	416	420	423	508	515	527	102	304	306	309	311	313	314	421	525
11
106	109	202	203	210	211	301	307	308	315	317	318	319	401	402	404	405	406	407	408	411	412	413	414	415	422	424	425	501	503	505	506	507	509	510	511	512	513	514	516	517	518	519	521	523	524	526	528	529	530	101	105	107	205	206	207	302	316	410	416	420	423	508	515	527	102	304	306	309	311	313	314	421	525
12
106	109	202	203	210	211	301	307	308	309	315	317	318	319	401	402	404	405	406	407	408	411	412	413	414	415	422	424	425	501	503	505	506	507	509	510	511	512	513	514	516	517	518	519	521	523	524	526	528	529	530	101	105	107	205	206	207	302	316	410	416	420	423	515	527	102	304	306	311	313	314	421	508	525
