1
302	303	304	305	306	307	309	311	402	403	404	405	406	407	409	411	502	503	504	505	506	507	509	511
2
302	303	304	305	306	307	309	311	402	403	404	405	406	407	409	411	502	503	504	505	506	507	509	511
3
302	303	304	305	306	307	309	311	402	403	404	405	406	407	409	411	502	503	504	505	506	507	509	511
4
302	303	304	305	306	307	309	311	402	403	404	405	406	407	409	411	502	503	504	505	506	507	509	511
5
302	303	304	305	306	307	309	311	402	403	404	405	406	407	409	411	502	503	504	505	506	507	509	511
6
302	303	304	305	306	307	309	311	402	403	404	405	406	407	409	411	502	503	504	505	506	507	509	511
7
302	303	304	305	306	307	309	311	402	403	404	405	406	407	409	411	502	503	504	505	506	507	509	511
8
302	303	304	305	306	307	309	311	402	403	404	405	406	407	409	411	502	503	504	505	506	507	509	511
9
302	303	304	305	306	307	309	311	402	403	404	405	406	407	409	411	502	503	504	505	506	507	509	511
10
302	303	304	305	306	307	309	311	402	403	404	405	406	407	409	411	502	503	504	505	506	507	509	511
11
302	303	304	305	306	307	309	311	402	403	404	405	406	407	409	411	502	503	504	505	506	507	509	511
12
302	303	304	305	306	307	309	311	402	403	404	405	406	407	409	411	502	503	504	505	506	507	509	511
