1
437	501	502	503	504	505	506	514	515	516
2
437	501	502	503	504	505	506	514	515	516
3
437	501	502	503	504	505	506	514	515	516
4
437	501	502	503	504	505	506	514	515	516
5
437	501	502	503	504	505	506	514	515	516
6
437	501	502	503	504	505	506	514	515	516
7
437	501	502	503	504	505	506	514	515	516
8
437	501	502	503	504	505	506	514	515	516
9
437	501	502	503	504	505	506	514	515	516
10
437	501	502	503	504	505	506	514	515	516
11
437	501	502	503	504	505	506	514	515	516
12
437	501	502	503	504	505	506	514	515	516
