1
101	102	103	104	105	106	107	108	110	112	113	115	117	119	201	202	203	204	205	206	207	208	209	210	211	212	213	214	215	217	219
2
101	102	103	104	105	106	107	108	110	112	113	115	117	119	201	202	203	204	205	206	207	208	209	210	211	212	213	214	215	217	219
3
101	102	103	104	105	106	107	108	110	112	113	115	117	119	201	202	203	204	205	206	207	208	209	210	211	212	213	214	215	217	219
4
101	102	103	104	105	106	107	108	110	112	113	115	117	119	201	202	203	204	205	206	207	208	209	210	211	212	213	214	215	217	219
5
101	102	103	104	105	106	107	108	110	112	113	115	117	119	201	202	203	204	205	206	207	208	209	210	211	212	213	214	215	217	219
6
101	102	103	104	105	106	107	108	110	112	113	115	117	119	201	202	203	204	205	206	207	208	209	210	211	212	213	214	215	217	219
7
101	102	103	104	105	106	107	108	110	112	113	115	117	119	201	202	203	204	205	206	207	208	209	210	211	212	213	214	215	217	219
8
101	102	103	104	105	106	107	108	110	112	113	115	117	119	201	202	203	204	205	206	207	208	209	210	211	212	213	214	215	217	219
9
101	102	103	104	105	106	107	108	110	112	113	115	117	119	201	202	203	204	205	206	207	208	209	210	211	212	213	214	215	217	219
10
101	102	103	104	105	106	107	108	110	112	113	115	117	119	201	202	203	204	205	206	207	208	209	210	211	212	213	214	215	217	219
11
101	102	103	104	105	106	107	108	110	112	113	115	117	119	201	202	203	204	205	206	207	208	209	210	211	212	213	214	215	217	219
12
101	102	103	104	105	106	107	108	110	112	113	115	117	119	201	202	203	204	205	206	207	208	209	210	211	212	213	214	215	217	219
