1
103	106	108	109	111	201	202	203	210	211	212	214	215	216	303	304	305	308	312	313	314	315	316	317	318	402	403	404	405	406	407	408	409	410	411	412	413	414	415	416	417	418	102	204	206	213	310	419	107	207	208	209	302	306
2
103	106	108	109	111	201	202	203	210	211	212	214	215	216	303	304	305	308	312	313	314	315	316	317	318	402	403	404	405	406	407	408	409	410	411	412	413	414	415	416	417	418	102	204	206	213	310	419	107	207	208	209	302	306
3
103	106	108	109	111	201	202	210	211	212	214	215	216	303	305	308	312	313	314	315	316	317	318	402	403	404	405	406	407	408	409	410	411	412	413	414	415	417	418	102	204	206	310	416	419	107	203	207	208	209	213	302	304	306
4
103	106	108	109	111	201	202	210	211	212	214	215	216	303	305	308	312	313	314	315	316	317	318	402	403	404	405	406	407	408	409	410	411	412	413	414	415	417	418	102	204	206	310	416	419	107	203	207	208	209	213	302	304	306
5
106	109	111	201	206	210	214	216	301	303	305	308	312	314	316	318	402	404	405	406	407	408	409	410	411	412	413	414	415	418	102	103	203	204	207	215	310	315	317	403	416	417	419	107	108	202	208	209	211	212	213	302	304	306
6
106	109	111	201	206	210	214	216	301	303	305	308	312	314	316	318	402	404	405	406	407	408	409	410	411	412	413	414	415	418	102	103	203	204	207	215	310	315	317	403	416	417	419	107	108	202	208	209	211	212	213	302	304	306
7
109	111	201	206	209	210	213	214	216	301	304	305	308	312	314	316	317	318	402	404	405	406	407	408	409	410	411	412	413	414	415	416	418	102	103	106	203	204	207	215	315	403	417	419	107	108	202	208	211	212	302	303	306
8
109	111	201	206	209	210	213	214	216	301	304	305	308	312	314	316	317	318	402	404	405	406	407	408	409	410	411	412	413	414	415	416	418	102	103	106	203	204	207	211	215	315	403	417	419	107	108	202	208	212	302	303	306
9
102	103	106	107	108	109	111	201	202	204	206	208	209	210	212	213	214	216	301	304	305	308	310	311	312	313	314	315	316	317	318	402	404	405	406	407	408	409	410	411	412	413	414	415	416	418	203	207	211	215	302	303	403	417	419	306
10
102	103	106	107	108	109	111	201	202	204	206	208	209	213	215	216	301	303	305	306	307	308	310	311	312	313	314	315	316	317	318	402	403	404	405	406	407	408	409	410	411	413	414	415	416	418	203	207	210	211	212	214	302	304	309	412	417	419
11
102	103	106	107	108	109	111	201	202	204	206	208	209	213	215	216	301	303	305	306	307	308	310	311	312	313	314	315	316	317	318	402	403	404	405	406	407	408	409	410	411	413	414	415	416	418	203	207	210	211	212	214	302	304	309	412	417	419
12
102	103	106	107	108	109	111	201	202	204	206	208	209	212	213	214	215	216	301	303	305	306	307	308	309	310	311	312	313	314	315	316	317	318	402	403	404	405	406	407	408	409	410	411	413	414	415	416	418	203	207	210	211	302	304	412	417	419
